-10
16.3606
16.3606	16.3606	16.3606	16.3606	16.3606	16.3606	16.3606	16.3606	16.3606	16.3606	16.3606	16.3606	16.3606	16.3606	16.3606	16.3606	16.3606	16.3606	16.3606	16.3606	16.3606	16.3606	16.3606	16.3606	16.3606	16.3606	16.3606	16.3606	16.3606	16.3606	16.3606
16.3606	16.4606	16.5606	16.6606	16.7606	16.8606	16.9606	17.0606	17.1606	17.2606	17.2776
17.2776	17.3776	17.4776	17.5776	17.6776	17.7776	17.8776	17.9776	18.0776	18.1776	18.2776	18.3776	18.4776	18.5776	18.6776	18.7776	18.8776	18.9776	19.0776	19.1776	19.2776	19.3776	19.4776	19.5776	19.6776	19.7776	19.8776	19.9776	20.0776	20.1776	20.2776	20.3776	20.4776	20.5776	20.6776	20.7776	20.8776	20.9776	21.0776	21.1776	21.2776	21.3776	21.4776	21.5776	21.6776	21.7776	21.8776	21.9776	22.0776	22.1776	22.2776	22.3776	22.4776	22.5776	22.6776	22.7776	22.8776	22.9776	23.0776	23.1776	23.2776	23.3776	23.4776	23.5776	23.6776	23.697
23.697	23.797	23.897	23.997	24.097	24.197	24.297	24.397	24.497	24.597	24.697	24.797	24.897	24.997	25.097	25.197	25.297	25.397	25.497	25.597	25.697	25.797	25.897	25.997	26.097	26.197	26.297	26.397	26.4482
26.4482	26.5482	26.6482	26.7482	26.8482	26.9482	27.0482	27.1482	27.2482	27.3482	27.4482	27.5482	27.6482	27.7482	27.8482	27.9482	28.0482	28.1482	28.2482	28.3482	28.4482	28.5482	28.6482	28.7482	28.8482	28.9482	29.0482	29.1482	29.2482	29.3482	29.4482	29.5482	29.6482	29.7482	29.8482	29.9482	30.0482	30.1482	30.2482	30.3482	30.4482	30.5482	30.6482	30.7482	30.8482	30.9482	31.0482	31.1482	31.2482	31.3482	31.4482	31.5482	31.6482	31.7482	31.8482	31.9482	32.0482	32.1482	32.2482	32.3482	32.4482	32.5482	32.6482	32.7482	32.8482	32.8675
32.8675	32.9675	33.0675	33.1675	33.2675	33.3675	33.4675	33.5675	33.6675	33.7675	33.8675	33.9675	34.0675	34.1675	34.2675	34.3675	34.4675	34.5675	34.6675	34.7675	34.8675	34.9675	35.0675	35.1675	35.2675	35.3675	35.4675	35.5675	35.6187
35.6187	35.7187	35.8187	35.9187	36.0187	36.1187	36.2187	36.3187	36.4187	36.5187	36.6187	36.7187	36.8187	36.9187	37.0187	37.1187	37.2187	37.3187	37.4187	37.5187	37.6187	37.7187	37.8187	37.9187	38.0187	38.1187	38.2187	38.3187	38.4187	38.5187	38.6187	38.7187	38.8187	38.9187	39.0187	39.1187	39.2187	39.3187	39.4187	39.5187	39.6187	39.7187	39.8187	39.9187	40.0187	40.1187	40.2187	40.3187	40.4187	40.5187	40.6187	40.6624
40.6624	40.7624	40.8624	40.9624	41.0624	41.1624	41.2624	41.3624	41.4624	41.5624	41.6624	41.7624	41.8624	41.9624	42.0624	42.1624	42.2624	42.3624	42.4624	42.5624	42.6624	42.7624	42.8624	42.9624	43.0624	43.1624	43.2624	43.3624	43.4136
43.4136	43.5136	43.6136	43.7136	43.8136	43.9136	44.0136	44.1136	44.2136	44.3136	44.4136	44.5136	44.6136	44.7136	44.8136	44.9136	45.0136	45.1136	45.2136	45.3136	45.4136	45.5136	45.6136	45.7136	45.8136	45.9136	46.0136	46.1136	46.1647
46.1647	46.2647	46.3647	46.4647	46.5647	46.6647	46.7647	46.8647	46.9647	47.0647	47.1647	47.2647	47.3647	47.4647	47.5647	47.6647	47.7647	47.8647	47.9647	48.0647	48.1647	48.2647	48.3647	48.4574
48.4574	48.5574	48.6574	48.7574	48.8574	48.9574	49.0574	49.1574	49.2574	49.3574	49.4574	49.5574	49.6574	49.7574	49.8574	49.9574	50.0574	50.1574	50.2574	50.3574	50.4574	50.5574	50.6574	50.75
50.75	50.85	50.95	51.05	51.15	51.25	51.35	51.45	51.55	51.65	51.75	51.85	51.95	52.05	52.15	52.25	52.35	52.45	52.55	52.65	52.75	52.85	52.95	53.0426
53.0426	53.1426	53.2426	53.3426	53.4426	53.5426	53.6426	53.7426	53.8426	53.9426	54.0426	54.1426	54.2426	54.3426	54.4426	54.5426	54.6426	54.7426	54.8426	54.9426	55.0426	55.1426	55.2426	55.3353
55.3353	55.4353	55.5353	55.6353	55.7353	55.8353	55.9353	56.0353	56.1353	56.2353	56.3353	56.4353	56.5353	56.6353	56.7353	56.8353	56.9353	57.0353	57.1353	57.1694
57.1694	57.2694	57.3694	57.4694	57.5694	57.6694	57.7694	57.8694	57.9694	58.0694	58.1694	58.2694	58.3694	58.4694	58.5449
58.5449	58.6449	58.7449	58.8449	58.9449	59.0449	59.1449	59.2449	59.3449	59.4449	59.5449	59.6449	59.7449	59.8449	59.9205
59.9205	60.0205	60.1205	60.2205	60.3205	60.4205	60.5205	60.6205	60.7205	60.8205	60.8376
60.8376	60.9376	61.0376	61.1376	61.2376	61.3376	61.4376	61.5376	61.6376	61.7376	61.7546
61.7546	61.8546	61.9546	62.0546	62.1546	62.2546	62.3546	62.4546	62.5546	62.6546	62.6717
62.6717	62.7717	62.8717	62.9717	63.0717	63.1717	63.2717	63.3717	63.4717	63.5717	63.6717	63.7717	63.8717	63.9717	64.0472
64.0472	64.1472	64.2472	64.3472	64.4472	64.5472	64.6472	64.7472	64.8472	64.9472	64.9643
64.9643	65.0643	65.1643	65.2643	65.3643	65.4643	65.5643	65.6643	65.7643	65.8643	65.9643	66.0643	66.1643	66.2643	66.3399
66.3399	66.4399	66.5399	66.6399	66.7399	66.8399	66.9399	67.0399	67.1399	67.2399	67.3399	67.4399	67.5399	67.6399	67.7399	67.8399	67.9399	68.0399	68.1399	68.174
68.174	68.274	68.374	68.474	68.574	68.674	68.774	68.874	68.974	69.074	69.174	69.274	69.374	69.474	69.574	69.674	69.774	69.874	69.974	70.0081
70.0081	70.1081	70.2081	70.3081	70.4081	70.5081	70.6081	70.7081	70.8081	70.9081	71.0081	71.1081	71.2081	71.3081	71.4081	71.5081	71.6081	71.7081	71.8081	71.9081	72.0081	72.1081	72.2081	72.3007
72.3007	72.4007	72.5007	72.6007	72.7007	72.8007	72.9007	73.0007	73.1007	73.2007	73.3007	73.4007	73.5007	73.6007	73.7007	73.8007	73.9007	74.0007	74.1007	74.2007	74.3007	74.4007	74.5007	74.5933
74.5933	74.6933	74.7933	74.8933	74.9933	75.0933	75.1933	75.2933	75.3933	75.4933	75.5933	75.6933	75.7933	75.8933	75.9933	76.0933	76.1933	76.2933	76.3933	76.4933	76.5933	76.6933	76.7933	76.8933	76.9933	77.0933	77.1933	77.2933	77.3933	77.4933	77.5933	77.6933	77.7933	77.803
77.803	77.903	78.003	78.103	78.203	78.303	78.403	78.503	78.603	78.703	78.803	78.903	79.003	79.103	79.203	79.303	79.403	79.503	79.603	79.703	79.803	79.903	80.003	80.0956
80.0956	80.1956	80.2956	80.3956	80.4956	80.5956	80.6956	80.7956	80.8956	80.9956	81.0956	81.1956	81.2956	81.3956	81.4956	81.5956	81.6956	81.7956	81.8956	81.9956	82.0956	82.1956	82.2956	82.3882
82.3882	82.4882	82.5882	82.6882	82.7882	82.8882	82.9882	83.0882	83.1882	83.2882	83.3882	83.4882	83.5882	83.6882	83.7638
83.7638	83.8638	83.9638	84.0638	84.1638	84.2638	84.3638	84.4638	84.5638	84.6638	84.7638	84.8638	84.9638	85.0638	85.1394
85.1394	85.2394	85.3394	85.4394	85.5394	85.6394	85.7394	85.8394	85.9394	86.0394	86.0565
86.0565	86.1565	86.2565	86.3565	86.4565	86.5565	86.6565	86.7565	86.8565	86.9565	86.9735
86.9735	87.0735	87.1735	87.2735	87.3735	87.4735	87.5735	87.6735	87.7735	87.8735	87.8906
87.8906	87.9906	88.0906	88.1906	88.2906	88.3906	88.4906	88.5906	88.6906	88.7906	88.8076
88.8076	88.9076	89.0076	89.1076	89.2076	89.3076	89.4076	89.5076	89.6076	89.7076	89.7247
89.7247	89.8247	89.9247	90.0247	90.1247	90.1832
90.1832	90.2832	90.3832	90.4832	90.5832	90.6832	90.7832	90.8832	90.9832	91.0832	91.1832	91.2832	91.3832	91.4832	91.5588
91.5588	91.6588	91.7588	91.8588	91.9588	92.0173
92.0173	92.1173	92.2173	92.3173	92.4173	92.4758
92.4758	92.4758	92.4758	92.4758	92.4758	92.4758	92.4758	92.4758	92.4758	92.4758	92.4758	92.4758	92.4758	92.4758	92.4758	92.4758	92.4758	92.4758	92.4758
92.4758	92.5758	92.6758	92.7758	92.8758	92.9758	93.0758	93.1758	93.2758	93.3758	93.3929
93.3929	93.3929	93.3929	93.3929	93.3929	93.3929	93.3929	93.3929	93.3929	93.3929	93.3929	93.3929	93.3929	93.3929	93.3929	93.3929	93.3929	93.3929	93.3929	93.3929	93.3929	93.3929	93.3929	93.3929	93.3929	93.3929	93.3929	93.3929	93.3929	93.3929	93.3929
93.3929	93.4929	93.5929	93.6929	93.7929	93.8514
93.8514	93.8514	93.8514	93.8514	93.8514	93.8514	93.8514	93.8514	93.8514	93.8514	93.8514	93.8514	93.8514	93.8514	93.8514	93.8514	93.8514	93.8514	93.8514
93.8514	93.9514	94.0514	94.1514	94.2514	94.3099
94.3099	94.3099	94.3099	94.3099	94.3099	94.3099	94.3099	94.3099	94.3099	94.3099	94.3099	94.3099	94.3099
94.3099	94.4099	94.5099	94.6099	94.7099	94.7684
94.7684	94.7684	94.7684	94.7684	94.7684	94.7684	94.7684	94.7684	94.7684	94.7684	94.7684	94.7684	94.7684	94.7684	94.7684	94.7684	94.7684	94.7684	94.7684
94.7684	94.7684	94.7684	94.7684	94.7684	94.7684	94.7684
94.7684	94.8684	94.9684	95.0684	95.1684	95.227
95.227	95.227	95.227	95.227	95.227	95.227	95.227	95.227	95.227	95.227	95.227	95.227	95.227	95.227	95.227	95.227	95.227	95.227	95.227
95.227	95.327	95.427	95.527	95.627	95.6855
95.6855	95.6855	95.6855	95.6855	95.6855	95.6855	95.6855	95.6855	95.6855	95.6855	95.6855	95.6855	95.6855	95.6855	95.6855	95.6855	95.6855	95.6855	95.6855	95.6855	95.6855	95.6855	95.6855	95.6855	95.6855	95.6855	95.6855	95.6855	95.6855	95.6855	95.6855
95.6855	95.7855	95.8855	95.9855	96.0855	96.144
96.144	96.144	96.144	96.144	96.144	96.144	96.144	96.144	96.144	96.144	96.144	96.144	96.144	96.144	96.144	96.144	96.144	96.144	96.144	96.144	96.144	96.144	96.144	96.144	96.144	96.144	96.144	96.144	96.144	96.144	96.144
96.144	96.244	96.344	96.444	96.544	96.6025
96.6025	96.6025	96.6025	96.6025	96.6025	96.6025	96.6025	96.6025	96.6025	96.6025	96.6025	96.6025	96.6025	96.6025	96.6025	96.6025	96.6025	96.6025	96.6025	96.6025	96.6025	96.6025	96.6025	96.6025	96.6025
96.6025	96.6025	96.6025	96.6025	96.6025	96.6025	96.6025	96.6025	96.6025	96.6025	96.6025	96.6025	96.6025	96.6025	96.6025	96.6025	96.6025	96.6025	96.6025	96.6025	96.6025	96.6025	96.6025	96.6025	96.6025
96.6025	96.7025	96.8025	96.9025	97.0025	97.0611
97.0611	97.0611	97.0611	97.0611	97.0611	97.0611	97.0611	97.0611	97.0611	97.0611	97.0611	97.0611	97.0611
97.0611	97.1611	97.2611	97.3611	97.4611	97.5196
97.5196	97.5196	97.5196	97.5196	97.5196	97.5196	97.5196	97.5196	97.5196	97.5196	97.5196	97.5196	97.5196
97.5196	97.6196	97.7196	97.8196	97.9196	97.9781
97.9781	97.9781	97.9781	97.9781	97.9781	97.9781	97.9781	97.9781	97.9781	97.9781	97.9781	97.9781	97.9781
97.9781	97.9781	97.9781	97.9781	97.9781	97.9781	97.9781
97.9781	97.9781	97.9781	97.9781	97.9781	97.9781	97.9781
97.9781	97.9781	97.9781	97.9781	97.9781	97.9781	97.9781	97.9781	97.9781	97.9781	97.9781	97.9781	97.9781
97.9781	98.0781	98.1781	98.2781	98.3781	98.4366
98.4366	98.5366	98.6366	98.7366	98.8366	98.8952
98.8952	98.8952	98.8952	98.8952	98.8952	98.8952	98.8952
98.8952	98.8952	98.8952	98.8952	98.8952	98.8952	98.8952
98.8952	98.8952	98.8952	98.8952	98.8952	98.8952	98.8952
98.8952	98.9952	99.0952	99.1952	99.2952	99.3537
99.3537	99.4537	99.5537	99.6537	99.7537	99.8122
99.8122	99.8122	99.8122	99.8122	99.8122	99.8122	99.8122	99.8122	99.8122	99.8122	99.8122	99.8122	99.8122	99.8122	99.8122	99.8122	99.8122	99.8122	99.8122	99.8122	99.8122	99.8122	99.8122	99.8122	99.8122
99.8122	99.9122	100.012	100.112	100.212	100.271
100.271	100.371	100.471	100.571	100.671	100.729
100.729	100.729	100.729	100.729	100.729	100.729	100.729	100.729	100.729	100.729	100.729	100.729	100.729
100.729	100.729	100.729	100.729	100.729	100.729	100.729
100.729	100.829	100.929	101.029	101.129	101.188
101.188	101.188	101.188	101.188	101.188	101.188	101.188
101.188	101.288	101.388	101.488	101.588	101.646
101.646	101.646	101.646	101.646	101.646	101.646	101.646
101.646	101.646	101.646	101.646	101.646	101.646	101.646	101.646	101.646	101.646	101.646	101.646	101.646
101.646	101.646	101.646	101.646	101.646	101.646	101.646	101.646	101.646	101.646	101.646	101.646	101.646
101.646	101.646	101.646	101.646	101.646	101.646	101.646
101.646	101.646	101.646	101.646	101.646	101.646	101.646
101.646	101.746	101.846	101.946	102.046	102.105
102.105	102.105	102.105	102.105	102.105	102.105	102.105
102.105	102.205	102.305	102.405	102.505	102.605	102.705	102.805	102.905	103.005	103.022
103.022	103.122	103.222	103.322	103.422	103.48
103.48	103.58	103.68	103.78	103.88	103.939
103.939	104.039	104.139	104.239	104.339	104.397
104.397	104.497	104.597	104.697	104.797	104.856
