-10
84.4985
84.4985	84.5985	84.6985	84.7985	84.8985	84.9985	85.0985	85.1985	85.2985	85.3985	85.4985	85.5985	85.6985	85.7985	85.8985	85.9985	86.0985	86.1985	86.2985	86.3985	86.4985	86.5985	86.6985	86.7985	86.8985	86.9985	87.0985	87.1985	87.2985	87.3985	87.4079
87.4079	88.1058	88.8038	89.5018	90.1997	90.8977	91.5956	92.2936	92.9915	93.6895	93.8085
93.8085	94.2345	94.6605	95.0865	95.5126	95.9386	96.3646	96.7906	97.2167	97.6427	98.0687	98.4947	98.9208	99.3468	99.7728	100.199	100.625	101.051	101.477	101.903	102.329	102.755	103.181	103.607	104.033	104.459	104.885	105.311	105.737	106.163	106.589	107.015	107.441	107.867	108.293	108.719	109.145	109.571	109.997	110.423	110.849	111.275	111.701	112.127	112.554	112.98	113.406	113.832	114.258	114.684	115.11	115.536	115.962	116.388	116.814	117.24	117.666	118.092	118.518	118.944	119.37	119.796	120.222	120.648	121.074	121.156
121.156	121.579	122.002	122.425	122.848	123.271	123.694	124.117	124.54	124.963	125.386	125.809	126.232	126.655	127.078	127.501	127.924	128.347	128.77	129.193	129.616	130.039	130.462	130.885	131.308	131.731	132.154	132.577	132.794
132.794	133.03	133.265	133.501	133.737	133.972	134.208	134.444	134.679	134.915	135.151	135.386	135.622	135.858	136.093	136.329	136.565	136.8	137.036	137.272	137.507	137.743	137.979	138.214	138.45	138.686	138.921	139.157	139.393	139.628	139.864	140.1	140.335	140.571	140.807	141.042	141.278	141.514	141.749	141.985	142.221	142.456	142.692	142.928	143.163	143.399	143.635	143.87	144.106	144.342	144.577	144.813	145.049	145.285	145.52	145.756	145.992	146.227	146.463	146.699	146.934	147.17	147.406	147.641	147.877	147.923
147.923	148.197	148.472	148.747	149.022	149.297	149.572	149.847	150.122	150.397	150.672	150.947	151.222	151.497	151.772	152.047	152.322	152.597	152.872	153.147	153.422	153.696	153.971	154.246	154.521	154.796	155.071	155.346	155.487
155.487	155.683	155.879	156.075	156.271	156.467	156.664	156.86	157.056	157.252	157.448	157.644	157.84	158.036	158.233	158.429	158.625	158.821	159.017	159.213	159.409	159.605	159.801	159.998	160.194	160.39	160.586	160.782	160.978	161.174	161.37	161.567	161.763	161.959	162.155	162.351	162.547	162.743	162.939	163.135	163.332	163.528	163.724	163.92	164.116	164.312	164.508	164.704	164.901	165.097	165.293	165.379
165.379	165.527	165.675	165.823	165.971	166.119	166.267	166.415	166.563	166.711	166.859	167.007	167.155	167.303	167.451	167.599	167.747	167.896	168.044	168.192	168.34	168.488	168.636	168.784	168.932	169.08	169.228	169.376	169.452
169.452	169.6	169.748	169.896	170.044	170.192	170.34	170.488	170.636	170.784	170.932	171.08	171.228	171.376	171.524	171.673	171.821	171.969	172.117	172.265	172.413	172.561	172.709	172.857	173.005	173.153	173.301	173.449	173.525
173.525	173.652	173.779	173.906	174.032	174.159	174.286	174.413	174.54	174.667	174.794	174.921	175.048	175.175	175.301	175.428	175.555	175.682	175.809	175.936	176.063	176.19	176.317	176.434
176.434	176.612	176.79	176.967	177.145	177.323	177.5	177.678	177.855	178.033	178.211	178.388	178.566	178.744	178.921	179.099	179.277	179.454	179.632	179.81	179.987	180.165	180.343	180.507
180.507	180.609	180.71	180.812	180.913	181.015	181.116	181.218	181.319	181.421	181.523	181.624	181.726	181.827	181.929	182.03	182.132	182.233	182.335	182.436	182.538	182.639	182.741	182.835
182.835	182.911	182.987	183.063	183.139	183.215	183.292	183.368	183.444	183.52	183.596	183.672	183.748	183.825	183.901	183.977	184.053	184.129	184.205	184.281	184.358	184.434	184.51	184.58
184.58	184.644	184.707	184.771	184.834	184.898	184.961	185.025	185.088	185.151	185.215	185.278	185.342	185.405	185.469	185.532	185.596	185.659	185.723	185.744
185.744	185.786	185.829	185.871	185.913	185.956	185.998	186.04	186.083	186.125	186.167	186.209	186.252	186.294	186.326
186.326	186.368	186.411	186.453	186.495	186.538	186.58	186.622	186.664	186.707	186.749	186.791	186.834	186.876	186.908
186.908	186.908	186.908	186.908	186.908	186.908	186.908	186.908	186.908	186.908	186.908
186.908	186.908	186.908	186.908	186.908	186.908	186.908	186.908	186.908	186.908	186.908
186.908	186.908	186.908	186.908	186.908	186.908	186.908	186.908	186.908	186.908	186.908
186.908	186.866	186.823	186.781	186.739	186.696	186.654	186.612	186.569	186.527	186.485	186.443	186.4	186.358	186.326
186.326	186.263	186.199	186.136	186.072	186.009	185.945	185.882	185.818	185.755	185.744
185.744	185.617	185.49	185.363	185.237	185.11	184.983	184.856	184.729	184.602	184.475	184.348	184.221	184.094	183.999
183.999	183.935	183.872	183.808	183.745	183.681	183.618	183.554	183.491	183.427	183.364	183.301	183.237	183.174	183.11	183.047	182.983	182.92	182.856	182.835
182.835	182.676	182.518	182.359	182.2	182.042	181.883	181.724	181.566	181.407	181.249	181.09	180.931	180.773	180.614	180.455	180.297	180.138	179.98	179.925
179.925	179.799	179.672	179.545	179.418	179.291	179.164	179.037	178.91	178.783	178.656	178.53	178.403	178.276	178.149	178.022	177.895	177.768	177.641	177.514	177.387	177.261	177.134	177.016
177.016	176.813	176.61	176.407	176.204	176.001	175.798	175.595	175.392	175.189	174.986	174.783	174.58	174.377	174.174	173.97	173.767	173.564	173.361	173.158	172.955	172.752	172.549	172.361
172.361	172.216	172.071	171.926	171.781	171.636	171.491	171.346	171.201	171.056	170.911	170.766	170.621	170.476	170.331	170.186	170.041	169.896	169.751	169.606	169.461	169.315	169.17	169.025	168.88	168.735	168.59	168.445	168.3	168.155	168.01	167.865	167.72	167.706
167.706	167.452	167.199	166.945	166.691	166.437	166.183	165.93	165.676	165.422	165.168	164.914	164.661	164.407	164.153	163.899	163.645	163.392	163.138	162.884	162.63	162.376	162.123	161.887
161.887	161.634	161.38	161.126	160.872	160.618	160.365	160.111	159.857	159.603	159.349	159.096	158.842	158.588	158.334	158.08	157.827	157.573	157.319	157.065	156.811	156.558	156.304	156.069
156.069	155.73	155.392	155.054	154.715	154.377	154.038	153.7	153.362	153.023	152.685	152.346	152.008	151.669	151.414
151.414	150.991	150.568	150.145	149.722	149.299	148.876	148.453	148.03	147.607	147.184	146.761	146.338	145.915	145.595
145.595	145.024	144.453	143.882	143.311	142.74	142.169	141.598	141.027	140.456	140.358
140.358	140.104	139.851	139.597	139.343	139.089	138.835	138.582	138.328	138.074	138.031
138.031	137.587	137.142	136.698	136.254	135.81	135.366	134.922	134.477	134.033	133.958
133.958	133.704	133.45	133.196	132.942	132.689	132.435	132.181	131.927	131.673	131.63
131.63	131.44	131.249	131.059	130.869	130.678	130.488	130.298	130.107	129.917	129.885
129.885	129.25	128.615	127.981	127.346	126.975
126.975	126.848	126.721	126.594	126.468	126.341	126.214	126.087	125.96	125.833	125.706	125.579	125.452	125.325	125.23
125.23	124.849	124.468	124.087	123.707	123.484
123.484	123.23	122.976	122.723	122.469	122.32
122.32	122.22	122.12	122.02	121.92	121.82	121.72	121.62	121.52	121.42	121.32	121.22	121.12	121.02	120.92	120.82	120.72	120.62	120.575
120.575	120.384	120.194	120.004	119.813	119.623	119.432	119.242	119.052	118.861	118.829
118.829	118.729	118.629	118.529	118.429	118.329	118.229	118.129	118.029	117.929	117.829	117.729	117.629	117.529	117.429	117.329	117.229	117.129	117.029	116.929	116.829	116.729	116.629	116.529	116.429	116.329	116.229	116.129	116.029	115.929	115.92
115.92	115.666	115.412	115.158	114.904	114.756
114.756	114.656	114.556	114.456	114.356	114.256	114.156	114.056	113.956	113.856	113.756	113.656	113.556	113.456	113.356	113.256	113.156	113.056	113.01
113.01	112.63	112.249	111.868	111.487	111.265
111.265	111.165	111.065	110.965	110.865	110.765	110.665	110.565	110.465	110.365	110.265	110.165	110.101
110.101	109.72	109.339	108.959	108.578	108.355
108.355	108.255	108.155	108.055	107.955	107.855	107.755	107.655	107.555	107.455	107.355	107.255	107.155	107.055	106.955	106.855	106.755	106.655	106.61
106.61	106.51	106.41	106.31	106.21	106.11	106.028
106.028	105.647	105.266	104.886	104.505	104.282
104.282	104.182	104.082	103.982	103.882	103.782	103.682	103.582	103.482	103.382	103.282	103.182	103.082	102.982	102.882	102.782	102.682	102.582	102.537
102.537	102.156	101.775	101.394	101.014	100.791
100.791	100.691	100.591	100.491	100.391	100.291	100.191	100.091	99.9909	99.8909	99.7909	99.6909	99.5909	99.4909	99.3909	99.2909	99.1909	99.0909	98.9909	98.8909	98.7909	98.6909	98.5909	98.4909	98.3909	98.2909	98.1909	98.0909	97.9909	97.8909	97.8816
97.8816	97.5009	97.1202	96.7395	96.3588	96.136
96.136	96.036	95.936	95.836	95.736	95.636	95.536	95.436	95.336	95.236	95.136	95.036	94.936	94.836	94.736	94.636	94.536	94.436	94.336	94.236	94.136	94.036	93.936	93.836	93.736	93.636	93.536	93.436	93.336	93.236	93.2266
93.2266	92.5921	91.9576	91.3231	90.6886	90.3173
90.3173	90.2173	90.1173	90.0173	89.9173	89.8173	89.7173	89.6173	89.5173	89.4173	89.3173	89.2173	89.1173	89.0173	88.9173	88.8173	88.7173	88.6173	88.5173	88.4173	88.3173	88.2173	88.1173	88.0173	87.9898
87.9898	87.8898	87.7898	87.6898	87.5898	87.4898	87.3898	87.2898	87.1898	87.0898	86.9898	86.8898	86.7898	86.6898	86.5898	86.4898	86.3898	86.2898	86.1898	86.0898	85.9898	85.8898	85.7898	85.6898	85.6623
85.6623	85.1547	84.6471	84.1395	83.6319	83.3348
83.3348	83.2348	83.1348	83.0348	82.9348	82.8348	82.7348	82.6348	82.5348	82.4348	82.3348	82.2348	82.1711
82.1711	81.9173	81.6635	81.4096	81.1558	81.0073
81.0073	80.9073	80.8073	80.7073	80.6073	80.5073	80.4073	80.3073	80.2073	80.1073	80.0073	79.9073	79.8436
79.8436	79.5898	79.336	79.0822	78.8284	78.6798
78.6798	78.5798	78.4798	78.3798	78.2798	78.1798	78.0798	77.9798	77.8798	77.7798	77.6798	77.5798	77.5161
77.5161	77.4161	77.3161	77.2161	77.1161	77.0161	76.9342
76.9342	76.8342	76.7342	76.6342	76.5342	76.4342	76.3523
76.3523	76.2523	76.1523	76.0523	75.9523	75.8523	75.7523	75.6523	75.5523	75.4523	75.3523	75.2523	75.1886
75.1886	75.0617	74.9348	74.8079	74.681	74.6067
74.6067	74.4798	74.3529	74.226	74.0991	74.0249
74.0249	73.9249	73.8249	73.7249	73.6249	73.5249	73.443
73.443	73.343	73.243	73.143	73.043	72.943	72.8611
72.8611	72.7611	72.6611	72.5611	72.4611	72.3611	72.2792
72.2792	72.0254	71.7716	71.5178	71.264	71.1155
71.1155	70.8617	70.6079	70.3541	70.1003	69.9518
69.9518	69.8518	69.7518	69.6518	69.5518	69.4518	69.3518	69.2518	69.1518	69.0518	68.9518	68.8518	68.7518	68.6518	68.5518	68.4518	68.3518	68.2518	68.1518	68.0518	67.9518	67.8518	67.7518	67.6518	67.6243
67.6243	67.2436	66.8629	66.4822	66.1015	65.8787
65.8787	65.6249	65.3711	65.1173	64.8635	64.7149
64.7149	64.6149	64.5149	64.4149	64.3149	64.2149	64.1149	64.0149	63.9149	63.8149	63.7149	63.6149	63.5512
63.5512	63.4512	63.3512	63.2512	63.1512	63.0512	62.9693
62.9693	62.8424	62.7155	62.5886	62.4617	62.3874
62.3874	62.2874	62.1874	62.0874	61.9874	61.8874	61.8056
61.8056	61.5518	61.298	61.0442	60.7904	60.6418
60.6418	60.5418	60.4418	60.3418	60.2418	60.1418	60.0599
60.0599	59.9599	59.8599	59.7599	59.6599	59.5599	59.4599	59.3599	59.2599	59.1599	59.0599	58.9599	58.8962
58.8962	58.7962	58.6962	58.5962	58.4962	58.3962	58.2962	58.1962	58.0962	57.9962	57.8962	57.7962	57.7325
57.7325	57.6325	57.5325	57.4325	57.3325	57.2325	57.1506
57.1506	57.0506	56.9506	56.8506	56.7506	56.6506	56.5687
56.5687	56.4418	56.3149	56.188	56.0611	55.9868
55.9868	55.8868	55.7868	55.6868	55.5868	55.4868	55.405
55.405	55.405	55.405	55.405	55.405	55.405	55.405	55.405	55.405	55.405	55.405
55.405	55.405	55.405	55.405	55.405	55.405
55.405	55.405	55.405	55.405	55.405	55.405
55.405	55.405	55.405	55.405	55.405	55.405
55.405	55.405	55.405	55.405	55.405	55.405
